0     0     5       
0     1     1147    
0     2     1795    
0     3     2168    
0     4     2381    
0     5     2480    
0     6     2483    
0     7     2379    
0     8     2164    
0     9     1765    
0     10    1118    
0     11    5       

1     0     1147    
1     1     3       
1     2     1       
1     3     3       
1     4     2       
1     5     1       
1     6     3       
1     7     3       
1     8     2       
1     9     0       
1     10    2       
1     11    1118    

2     0     1780    
2     1     3       
2     2     2       
2     3     1       
2     4     3       
2     5     3       
2     6     1       
2     7     1       
2     8     3       
2     9     1       
2     10    3       
2     11    1712    

3     0     2144    
3     1     1       
3     2     3       
3     3     2       
3     4     1       
3     5     3       
3     6     3       
3     7     0       
3     8     2       
3     9     3       
3     10    2       
3     11    2050    

4     0     2369    
4     1     0       
4     2     2       
4     3     3       
4     4     3       
4     5     1       
4     6     3       
4     7     2       
4     8     3       
4     9     1       
4     10    1       
4     11    2253    

5     0     2455    
5     1     1       
5     2     3       
5     3     1       
5     4     2       
5     5     3       
5     6     3       
5     7     2       
5     8     0       
5     9     1       
5     10    2       
5     11    2338    

6     0     2455    
6     1     3       
6     2     2       
6     3     3       
6     4     3       
6     5     2       
6     6     3       
6     7     2       
6     8     3       
6     9     2       
6     10    1       
6     11    2305    

7     0     2349    
7     1     3       
7     2     1       
7     3     2       
7     4     1       
7     5     2       
7     6     1       
7     7     0       
7     8     2       
7     9     3       
7     10    2       
7     11    2218    

8     0     2136    
8     1     2       
8     2     0       
8     3     3       
8     4     3       
8     5     2       
8     6     2       
8     7     3       
8     8     1       
8     9     2       
8     10    3       
8     11    2020    

9     0     1754    
9     1     1       
9     2     2       
9     3     2       
9     4     1       
9     5     2       
9     6     2       
9     7     0       
9     8     3       
9     9     0       
9     10    2       
9     11    1671    

10    0     1126    
10    1     2       
10    2     3       
10    3     3       
10    4     1       
10    5     0       
10    6     3       
10    7     3       
10    8     1       
10    9     3       
10    10    1       
10    11    1077    

11    0     5       
11    1     1126    
11    2     1745    
11    3     2095    
11    4     2293    
11    5     2374    
11    6     2334    
11    7     2250    
11    8     2045    
11    9     1690    
11    10    1077    
11    11    5       


