0     0     5       
0     1     5       
0     2     5       
0     3     5       
0     4     5       
0     5     5       
0     6     5       
0     7     6       
0     8     5       
0     9     5       
0     10    5       
0     11    5       

1     0     5       
1     1     0       
1     2     0       
1     3     2       
1     4     1       
1     5     1       
1     6     1       
1     7     0       
1     8     3       
1     9     2       
1     10    2       
1     11    5       

2     0     5       
2     1     1       
2     2     0       
2     3     2       
2     4     3       
2     5     2       
2     6     3       
2     7     1       
2     8     2       
2     9     2       
2     10    1       
2     11    5       

3     0     5       
3     1     0       
3     2     3       
3     3     3       
3     4     1       
3     5     2       
3     6     1       
3     7     1       
3     8     1       
3     9     2       
3     10    1       
3     11    5       

4     0     5       
4     1     2       
4     2     0       
4     3     1       
4     4     3       
4     5     2       
4     6     1       
4     7     5       
4     8     1       
4     9     2       
4     10    3       
4     11    5       

5     0     5       
5     1     3       
5     2     3       
5     3     2       
5     4     0       
5     5     0       
5     6     0       
5     7     1       
5     8     1       
5     9     1       
5     10    1       
5     11    6       

6     0     5       
6     1     0       
6     2     0       
6     3     0       
6     4     0       
6     5     2       
6     6     1       
6     7     0       
6     8     1       
6     9     3       
6     10    2       
6     11    5       

7     0     5       
7     1     2       
7     2     1       
7     3     2       
7     4     0       
7     5     1       
7     6     3       
7     7     3       
7     8     1       
7     9     1       
7     10    3       
7     11    5       

8     0     5       
8     1     3       
8     2     2       
8     3     1       
8     4     1       
8     5     3       
8     6     2       
8     7     1       
8     8     0       
8     9     1       
8     10    0       
8     11    5       

9     0     5       
9     1     1       
9     2     3       
9     3     3       
9     4     3       
9     5     0       
9     6     3       
9     7     0       
9     8     0       
9     9     3       
9     10    1       
9     11    5       

10    0     5       
10    1     3       
10    2     0       
10    3     2       
10    4     2       
10    5     3       
10    6     0       
10    7     2       
10    8     2       
10    9     3       
10    10    2       
10    11    5       

11    0     5       
11    1     5       
11    2     5       
11    3     5       
11    4     5       
11    5     5       
11    6     5       
11    7     5       
11    8     5       
11    9     5       
11    10    5       
11    11    5       


